 1951-12-31 89.625 25.0417  19674.3 
 1952-12-31 89.625 25.0417  16375.5 
 1953-12-31 89.625 25.0417  15356.2 
 1954-12-31 89.625 25.0417  17190.4 
 1955-12-31 89.625 25.0417  20860.3 
 1956-12-31 89.625 25.0417  19935.5 
 1957-12-31 89.625 25.0417  17830.2 
 1958-12-31 89.625 25.0417  14209.4 
 1959-12-31 89.625 25.0417  21115.9 
 1960-12-31 89.625 25.0417  23582.1 
 1961-12-31 89.625 25.0417  19163.5 
 1962-12-31 89.625 25.0417  13826.6 
 1963-12-31 89.625 25.0417  15351.4 
 1964-12-31 89.625 25.0417  23867.3 
 1965-12-31 89.625 25.0417  21662.4 
 1966-12-31 89.625 25.0417    22464 
 1967-12-31 89.625 25.0417  23098.9 
 1968-12-31 89.625 25.0417  15206.2 
 1969-12-31 89.625 25.0417  15921.9 
 1970-12-31 89.625 25.0417  18477.5 
 1971-12-31 89.625 25.0417  22869.7 
 1972-12-31 89.625 25.0417  17751.3 
 1973-12-31 89.625 25.0417  19683.3 
 1974-12-31 89.625 25.0417  11944.7 
 1975-12-31 89.625 25.0417  19415.8 
 1976-12-31 89.625 25.0417  15908.9 
 1977-12-31 89.625 25.0417  19338.1 
 1978-12-31 89.625 25.0417  19431.1 
 1979-12-31 89.625 25.0417  17608.7 
 1980-12-31 89.625 25.0417  16948.9 
 1981-12-31 89.625 25.0417  15639.8 
 1982-12-31 89.625 25.0417  21284.6 
 1983-12-31 89.625 25.0417  23022.5 
 1984-12-31 89.625 25.0417  13824.7 
 1985-12-31 89.625 25.0417  29792.6 
 1986-12-31 89.625 25.0417  21003.7 
 1987-12-31 89.625 25.0417  19104.9 
 1988-12-31 89.625 25.0417  23024.8 
 1989-12-31 89.625 25.0417  22535.9 
 1990-12-31 89.625 25.0417  18902.3 
 1991-12-31 89.625 25.0417  20528.8 
 1992-12-31 89.625 25.0417  14997.9 
 1993-12-31 89.625 25.0417  20795.8 
 1994-12-31 89.625 25.0417  15558.8 
 1995-12-31 89.625 25.0417  18786.7 
 1996-12-31 89.625 25.0417  16825.9 
 1997-12-31 89.625 25.0417  16309.7 
 1998-12-31 89.625 25.0417  21130.4 
 1999-12-31 89.625 25.0417  20143.7 
 2000-12-31 89.625 25.0417  18348.6 
 2001-12-31 89.625 25.0417  23947.7 
 2002-12-31 89.625 25.0417  17014.2 
 2003-12-31 89.625 25.0417  23102.6 
 2004-12-31 89.625 25.0417  15961.1 
 2005-12-31 89.625 25.0417  20619.2 
 2006-12-31 89.625 25.0417  20010.1 
 2007-12-31 89.625 25.0417  20672.8 
 2008-12-31 89.625 25.0417  18923.1 
 2009-12-31 89.625 25.0417  18027.7 
 2010-12-31 89.625 25.0417  22116.2 
 2011-12-31 89.625 25.0417    15025 
 2012-12-31 89.625 25.0417  19114.8 
 2013-12-31 89.625 25.0417  15147.1 
 2014-12-31 89.625 25.0417    18532 
 2015-12-31 89.625 25.0417  21654.9 
 2016-12-31 89.625 25.0417  16448.3 
 2017-12-31 89.625 25.0417  18461.4 
 2018-12-31 89.625 25.0417  22420.9 
 2019-12-31 89.625 25.0417  18573.3 
 2020-12-31 89.625 25.0417  23363.5 
 2021-12-31 89.625 25.0417  20763.3 
 2022-12-31 89.625 25.0417  21633.9 
 2023-12-31 89.625 25.0417  20784.4 
 2024-12-31 89.625 25.0417  18269.3 
 2025-12-31 89.625 25.0417  20798.8 
 2026-12-31 89.625 25.0417  19771.8 
 2027-12-31 89.625 25.0417  20835.4 
 2028-12-31 89.625 25.0417  15253.1 
 2029-12-31 89.625 25.0417  26864.4 
 2030-12-31 89.625 25.0417  16774.4 
 2031-12-31 89.625 25.0417  17387.1 
 2032-12-31 89.625 25.0417  16193.6 
 2033-12-31 89.625 25.0417  13666.5 
 2034-12-31 89.625 25.0417  16645.6 
 2035-12-31 89.625 25.0417  20264.8 
 2036-12-31 89.625 25.0417  25054.7 
 2037-12-31 89.625 25.0417  19656.3 
 2038-12-31 89.625 25.0417  22884.1 
 2039-12-31 89.625 25.0417  20421.6 
 2040-12-31 89.625 25.0417  21378.6 
 2041-12-31 89.625 25.0417  19968.3 
 2042-12-31 89.625 25.0417    15916 
 2043-12-31 89.625 25.0417  19242.6 
 2044-12-31 89.625 25.0417    20971 
 2045-12-31 89.625 25.0417  17071.8 
 2046-12-31 89.625 25.0417  16272.6 
 2047-12-31 89.625 25.0417  20422.4 
 2048-12-31 89.625 25.0417  23599.8 
 2049-12-31 89.625 25.0417  21502.3 
 2050-12-31 89.625 25.0417  27765.7 
 2051-12-31 89.625 25.0417  24186.9 
 2052-12-31 89.625 25.0417  18630.5 
 2053-12-31 89.625 25.0417  20859.2 
 2054-12-31 89.625 25.0417  21290.8 
 2055-12-31 89.625 25.0417  23083.1 
 2056-12-31 89.625 25.0417  21634.4 
 2057-12-31 89.625 25.0417  22367.8 
 2058-12-31 89.625 25.0417  24871.8 
 2059-12-31 89.625 25.0417  20990.5 
 2060-12-31 89.625 25.0417  19923.3 
 2061-12-31 89.625 25.0417    20081 
 2062-12-31 89.625 25.0417    25259 
 2063-12-31 89.625 25.0417  21973.8 
 2064-12-31 89.625 25.0417  16764.7 
 2065-12-31 89.625 25.0417  20331.7 
 2066-12-31 89.625 25.0417    20917 
 2067-12-31 89.625 25.0417  23793.2 
 2068-12-31 89.625 25.0417  16554.2 
 2069-12-31 89.625 25.0417  25195.7 
 2070-12-31 89.625 25.0417  32651.1 
 2071-12-31 89.625 25.0417  23595.6 
 2072-12-31 89.625 25.0417  27127.1 
 2073-12-31 89.625 25.0417  33484.7 
 2074-12-31 89.625 25.0417  21308.3 
 2075-12-31 89.625 25.0417  18142.3 
 2076-12-31 89.625 25.0417  22175.7 
 2077-12-31 89.625 25.0417    18515 
 2078-12-31 89.625 25.0417  29597.7 
 2079-12-31 89.625 25.0417  30860.2 
 2080-12-31 89.625 25.0417  26753.6 
 2081-12-31 89.625 25.0417  20426.7 
 2082-12-31 89.625 25.0417  20499.9 
 2083-12-31 89.625 25.0417    17560 
 2084-12-31 89.625 25.0417    17989 
 2085-12-31 89.625 25.0417  23713.7 
 2086-12-31 89.625 25.0417  20181.2 
 2087-12-31 89.625 25.0417  25667.7 
 2088-12-31 89.625 25.0417  28436.2 
 2089-12-31 89.625 25.0417  24508.3 
 2090-12-31 89.625 25.0417  24339.9 
 2091-12-31 89.625 25.0417  15834.4 
 2092-12-31 89.625 25.0417  18474.4 
 2093-12-31 89.625 25.0417  21895.9 
 2094-12-31 89.625 25.0417  25052.6 
 2095-12-31 89.625 25.0417  21953.4 
 2096-12-31 89.625 25.0417  25535.9 
 2097-12-31 89.625 25.0417  18938.3 
 2098-12-31 89.625 25.0417  25233.7 
 2099-12-31 89.625 25.0417  30674.5 
