 1951-12-31 89.625 25.0417  19674.3 
 1952-12-31 89.625 25.0417  16375.5 
 1953-12-31 89.625 25.0417  15356.2 
 1954-12-31 89.625 25.0417  17190.4 
 1955-12-31 89.625 25.0417  20860.3 
 1956-12-31 89.625 25.0417  19935.5 
 1957-12-31 89.625 25.0417  17830.2 
 1958-12-31 89.625 25.0417  14209.4 
 1959-12-31 89.625 25.0417  21115.9 
 1960-12-31 89.625 25.0417  23582.1 
 1961-12-31 89.625 25.0417  19163.5 
 1962-12-31 89.625 25.0417  13826.6 
 1963-12-31 89.625 25.0417  15351.4 
 1964-12-31 89.625 25.0417  23867.3 
 1965-12-31 89.625 25.0417  21662.4 
 1966-12-31 89.625 25.0417    22464 
 1967-12-31 89.625 25.0417  23098.9 
 1968-12-31 89.625 25.0417  15206.2 
 1969-12-31 89.625 25.0417  15921.9 
 1970-12-31 89.625 25.0417  18477.5 
 1971-12-31 89.625 25.0417  22869.7 
 1972-12-31 89.625 25.0417  17751.3 
 1973-12-31 89.625 25.0417  19683.3 
 1974-12-31 89.625 25.0417  11944.7 
 1975-12-31 89.625 25.0417  19415.8 
 1976-12-31 89.625 25.0417  15908.9 
 1977-12-31 89.625 25.0417  19338.1 
 1978-12-31 89.625 25.0417  19431.1 
 1979-12-31 89.625 25.0417  17608.7 
 1980-12-31 89.625 25.0417  16948.9 
 1981-12-31 89.625 25.0417  15639.8 
 1982-12-31 89.625 25.0417  21284.6 
 1983-12-31 89.625 25.0417  23022.5 
 1984-12-31 89.625 25.0417  13824.7 
 1985-12-31 89.625 25.0417  29792.6 
 1986-12-31 89.625 25.0417  21003.7 
 1987-12-31 89.625 25.0417  19104.9 
 1988-12-31 89.625 25.0417  23024.8 
 1989-12-31 89.625 25.0417  22535.9 
 1990-12-31 89.625 25.0417  18902.3 
 1991-12-31 89.625 25.0417  20528.8 
 1992-12-31 89.625 25.0417  14997.9 
 1993-12-31 89.625 25.0417  20795.8 
 1994-12-31 89.625 25.0417  15558.8 
 1995-12-31 89.625 25.0417  18786.7 
 1996-12-31 89.625 25.0417  16825.9 
 1997-12-31 89.625 25.0417  16309.7 
 1998-12-31 89.625 25.0417  21130.4 
 1999-12-31 89.625 25.0417  20143.7 
 2000-12-31 89.625 25.0417  18348.6 
 2001-12-31 89.625 25.0417  23947.7 
 2002-12-31 89.625 25.0417  17014.2 
 2003-12-31 89.625 25.0417  23102.6 
 2004-12-31 89.625 25.0417  15961.1 
 2005-12-31 89.625 25.0417  20619.2 
 2006-12-31 89.625 25.0417  19805.9 
 2007-12-31 89.625 25.0417  16683.1 
 2008-12-31 89.625 25.0417  27356.2 
 2009-12-31 89.625 25.0417  16928.4 
 2010-12-31 89.625 25.0417    20779 
 2011-12-31 89.625 25.0417  17771.8 
 2012-12-31 89.625 25.0417  18799.5 
 2013-12-31 89.625 25.0417  22370.5 
 2014-12-31 89.625 25.0417  25469.5 
 2015-12-31 89.625 25.0417  19131.2 
 2016-12-31 89.625 25.0417  18538.5 
 2017-12-31 89.625 25.0417  16415.9 
 2018-12-31 89.625 25.0417  19914.6 
 2019-12-31 89.625 25.0417  17137.4 
 2020-12-31 89.625 25.0417  18768.2 
 2021-12-31 89.625 25.0417  19754.3 
 2022-12-31 89.625 25.0417  24209.2 
 2023-12-31 89.625 25.0417  19327.4 
 2024-12-31 89.625 25.0417  16083.3 
 2025-12-31 89.625 25.0417  19991.1 
 2026-12-31 89.625 25.0417  16040.3 
 2027-12-31 89.625 25.0417  21561.8 
 2028-12-31 89.625 25.0417    18974 
 2029-12-31 89.625 25.0417  18649.1 
 2030-12-31 89.625 25.0417    25530 
 2031-12-31 89.625 25.0417  26030.4 
 2032-12-31 89.625 25.0417  19552.7 
 2033-12-31 89.625 25.0417  19978.3 
 2034-12-31 89.625 25.0417  15872.9 
 2035-12-31 89.625 25.0417  25046.8 
 2036-12-31 89.625 25.0417  23601.3 
 2037-12-31 89.625 25.0417  17035.4 
 2038-12-31 89.625 25.0417  21156.3 
 2039-12-31 89.625 25.0417  20201.2 
 2040-12-31 89.625 25.0417  18427.3 
 2041-12-31 89.625 25.0417  14952.8 
 2042-12-31 89.625 25.0417  23783.5 
 2043-12-31 89.625 25.0417  21658.9 
 2044-12-31 89.625 25.0417  22228.5 
 2045-12-31 89.625 25.0417  17852.1 
 2046-12-31 89.625 25.0417  19194.7 
 2047-12-31 89.625 25.0417  28157.9 
 2048-12-31 89.625 25.0417  25904.6 
 2049-12-31 89.625 25.0417  18384.7 
 2050-12-31 89.625 25.0417  23308.2 
 2051-12-31 89.625 25.0417  18108.4 
 2052-12-31 89.625 25.0417  21604.8 
 2053-12-31 89.625 25.0417  18961.9 
 2054-12-31 89.625 25.0417  18876.9 
 2055-12-31 89.625 25.0417  16463.2 
 2056-12-31 89.625 25.0417  25258.3 
 2057-12-31 89.625 25.0417  21574.3 
 2058-12-31 89.625 25.0417  18954.3 
 2059-12-31 89.625 25.0417  26549.7 
 2060-12-31 89.625 25.0417  21882.8 
 2061-12-31 89.625 25.0417  14719.9 
 2062-12-31 89.625 25.0417  15071.5 
 2063-12-31 89.625 25.0417  19868.2 
 2064-12-31 89.625 25.0417  16447.1 
 2065-12-31 89.625 25.0417  13361.6 
 2066-12-31 89.625 25.0417  18009.4 
 2067-12-31 89.625 25.0417  16177.4 
 2068-12-31 89.625 25.0417  18699.9 
 2069-12-31 89.625 25.0417  19622.8 
 2070-12-31 89.625 25.0417  17377.6 
 2071-12-31 89.625 25.0417    27270 
 2072-12-31 89.625 25.0417  23885.8 
 2073-12-31 89.625 25.0417  17762.6 
 2074-12-31 89.625 25.0417  16757.6 
 2075-12-31 89.625 25.0417  13944.6 
 2076-12-31 89.625 25.0417  19018.2 
 2077-12-31 89.625 25.0417    19890 
 2078-12-31 89.625 25.0417  15173.3 
 2079-12-31 89.625 25.0417  20370.2 
 2080-12-31 89.625 25.0417  16823.8 
 2081-12-31 89.625 25.0417  17581.9 
 2082-12-31 89.625 25.0417  21998.9 
 2083-12-31 89.625 25.0417  22519.7 
 2084-12-31 89.625 25.0417  22845.8 
 2085-12-31 89.625 25.0417  18112.1 
 2086-12-31 89.625 25.0417  17634.8 
 2087-12-31 89.625 25.0417  19404.5 
 2088-12-31 89.625 25.0417  31457.6 
 2089-12-31 89.625 25.0417  19531.2 
 2090-12-31 89.625 25.0417  23173.7 
 2091-12-31 89.625 25.0417  21491.5 
 2092-12-31 89.625 25.0417  24056.9 
 2093-12-31 89.625 25.0417  19951.8 
 2094-12-31 89.625 25.0417  17939.7 
 2095-12-31 89.625 25.0417  18618.7 
 2096-12-31 89.625 25.0417  20372.3 
 2097-12-31 89.625 25.0417  21895.7 
 2098-12-31 89.625 25.0417  19284.1 
 2099-12-31 89.625 25.0417  20845.3 
