 1951-12-31 89.625 25.0417  21495.2 
 1952-12-31 89.625 25.0417  20033.3 
 1953-12-31 89.625 25.0417  19569.6 
 1954-12-31 89.625 25.0417  16012.6 
 1955-12-31 89.625 25.0417  15938.6 
 1956-12-31 89.625 25.0417  19607.2 
 1957-12-31 89.625 25.0417  19218.4 
 1958-12-31 89.625 25.0417  20367.9 
 1959-12-31 89.625 25.0417  16357.5 
 1960-12-31 89.625 25.0417  19816.9 
 1961-12-31 89.625 25.0417  17322.7 
 1962-12-31 89.625 25.0417  21329.5 
 1963-12-31 89.625 25.0417  19839.3 
 1964-12-31 89.625 25.0417  17958.7 
 1965-12-31 89.625 25.0417  19876.1 
 1966-12-31 89.625 25.0417  16920.2 
 1967-12-31 89.625 25.0417  19959.8 
 1968-12-31 89.625 25.0417  18388.8 
 1969-12-31 89.625 25.0417  20026.9 
 1970-12-31 89.625 25.0417  18888.1 
 1971-12-31 89.625 25.0417  18320.9 
 1972-12-31 89.625 25.0417    23360 
 1973-12-31 89.625 25.0417  20821.4 
 1974-12-31 89.625 25.0417  20734.1 
 1975-12-31 89.625 25.0417  18328.9 
 1976-12-31 89.625 25.0417    17809 
 1977-12-31 89.625 25.0417  17452.4 
 1978-12-31 89.625 25.0417  21371.7 
 1979-12-31 89.625 25.0417    19204 
 1980-12-31 89.625 25.0417    17655 
 1981-12-31 89.625 25.0417  17682.2 
 1982-12-31 89.625 25.0417  16251.6 
 1983-12-31 89.625 25.0417    18000 
 1984-12-31 89.625 25.0417  18365.8 
 1985-12-31 89.625 25.0417  21280.2 
 1986-12-31 89.625 25.0417  15953.2 
 1987-12-31 89.625 25.0417  19898.4 
 1988-12-31 89.625 25.0417  21044.1 
 1989-12-31 89.625 25.0417  19956.4 
 1990-12-31 89.625 25.0417  19263.3 
 1991-12-31 89.625 25.0417  19335.2 
 1992-12-31 89.625 25.0417  18521.3 
 1993-12-31 89.625 25.0417  18334.6 
 1994-12-31 89.625 25.0417  19993.8 
 1995-12-31 89.625 25.0417  18744.9 
 1996-12-31 89.625 25.0417  18859.6 
 1997-12-31 89.625 25.0417  17304.1 
 1998-12-31 89.625 25.0417  18339.2 
 1999-12-31 89.625 25.0417  19399.4 
 2000-12-31 89.625 25.0417  18782.3 
 2001-12-31 89.625 25.0417  16912.4 
 2002-12-31 89.625 25.0417  20482.1 
 2003-12-31 89.625 25.0417  18082.1 
 2004-12-31 89.625 25.0417  19055.2 
 2005-12-31 89.625 25.0417  20829.9 
 2006-12-31 89.625 25.0417  19093.3 
 2007-12-31 89.625 25.0417  19077.5 
 2008-12-31 89.625 25.0417  16789.4 
 2009-12-31 89.625 25.0417  17661.1 
 2010-12-31 89.625 25.0417    18109 
 2011-12-31 89.625 25.0417  18349.3 
 2012-12-31 89.625 25.0417  19715.1 
 2013-12-31 89.625 25.0417  16983.1 
 2014-12-31 89.625 25.0417    19592 
 2015-12-31 89.625 25.0417  23064.2 
 2016-12-31 89.625 25.0417  15339.5 
 2017-12-31 89.625 25.0417  18355.2 
 2018-12-31 89.625 25.0417  17864.9 
 2019-12-31 89.625 25.0417  16222.8 
 2020-12-31 89.625 25.0417  17006.9 
 2021-12-31 89.625 25.0417  15760.4 
 2022-12-31 89.625 25.0417  18016.4 
 2023-12-31 89.625 25.0417  18015.9 
 2024-12-31 89.625 25.0417  18254.6 
 2025-12-31 89.625 25.0417  22338.3 
 2026-12-31 89.625 25.0417  17459.8 
 2027-12-31 89.625 25.0417  17565.4 
 2028-12-31 89.625 25.0417  17502.3 
 2029-12-31 89.625 25.0417  19679.6 
 2030-12-31 89.625 25.0417  20018.9 
 2031-12-31 89.625 25.0417    20030 
 2032-12-31 89.625 25.0417  19220.2 
 2033-12-31 89.625 25.0417  17023.6 
 2034-12-31 89.625 25.0417  16930.8 
 2035-12-31 89.625 25.0417  18073.5 
 2036-12-31 89.625 25.0417  18234.1 
 2037-12-31 89.625 25.0417  18059.6 
 2038-12-31 89.625 25.0417  16239.1 
 2039-12-31 89.625 25.0417  17913.4 
 2040-12-31 89.625 25.0417  19131.8 
 2041-12-31 89.625 25.0417  19331.5 
 2042-12-31 89.625 25.0417  16649.9 
 2043-12-31 89.625 25.0417  19396.4 
 2044-12-31 89.625 25.0417  16413.1 
 2045-12-31 89.625 25.0417  19099.8 
 2046-12-31 89.625 25.0417  22176.3 
 2047-12-31 89.625 25.0417  17773.8 
 2048-12-31 89.625 25.0417  17859.5 
 2049-12-31 89.625 25.0417  20295.3 
 2050-12-31 89.625 25.0417    18455 
 2051-12-31 89.625 25.0417  19529.8 
 2052-12-31 89.625 25.0417  19135.4 
 2053-12-31 89.625 25.0417  18030.5 
 2054-12-31 89.625 25.0417  16729.6 
 2055-12-31 89.625 25.0417  18804.2 
 2056-12-31 89.625 25.0417  19543.9 
 2057-12-31 89.625 25.0417  22862.6 
 2058-12-31 89.625 25.0417  18693.3 
 2059-12-31 89.625 25.0417  24283.9 
 2060-12-31 89.625 25.0417  19168.4 
 2061-12-31 89.625 25.0417  18754.3 
 2062-12-31 89.625 25.0417    19753 
 2063-12-31 89.625 25.0417  17997.4 
 2064-12-31 89.625 25.0417  22710.7 
 2065-12-31 89.625 25.0417  19913.5 
 2066-12-31 89.625 25.0417  19239.9 
 2067-12-31 89.625 25.0417  19636.5 
 2068-12-31 89.625 25.0417  24034.6 
 2069-12-31 89.625 25.0417  19225.7 
 2070-12-31 89.625 25.0417  20923.4 
 2071-12-31 89.625 25.0417  15098.6 
 2072-12-31 89.625 25.0417  14705.7 
 2073-12-31 89.625 25.0417  17784.6 
 2074-12-31 89.625 25.0417  17800.1 
 2075-12-31 89.625 25.0417  17235.8 
 2076-12-31 89.625 25.0417  21446.8 
 2077-12-31 89.625 25.0417  26825.3 
 2078-12-31 89.625 25.0417  20158.5 
 2079-12-31 89.625 25.0417  21746.3 
 2080-12-31 89.625 25.0417  20104.3 
 2081-12-31 89.625 25.0417  20196.4 
 2082-12-31 89.625 25.0417  19263.4 
 2083-12-31 89.625 25.0417  22653.9 
 2084-12-31 89.625 25.0417  20364.4 
 2085-12-31 89.625 25.0417  20691.4 
 2086-12-31 89.625 25.0417  23205.7 
 2087-12-31 89.625 25.0417  19998.2 
 2088-12-31 89.625 25.0417  21607.2 
 2089-12-31 89.625 25.0417  18823.3 
 2090-12-31 89.625 25.0417  20357.7 
 2091-12-31 89.625 25.0417  24302.1 
 2092-12-31 89.625 25.0417  20971.6 
 2093-12-31 89.625 25.0417  23837.9 
 2094-12-31 89.625 25.0417  22050.3 
 2095-12-31 89.625 25.0417  23588.1 
 2096-12-31 89.625 25.0417  24247.4 
 2097-12-31 89.625 25.0417  21589.1 
 2098-12-31 89.625 25.0417  20369.3 
 2099-12-31 89.625 25.0417  22716.1 
