 1958-12-31 89.625 25.0417  21051.8 
 1959-12-31 89.625 25.0417  19910.1 
 1960-12-31 89.625 25.0417  17608.4 
 1961-12-31 89.625 25.0417  15838.1 
 1962-12-31 89.625 25.0417  18773.6 
 1963-12-31 89.625 25.0417  17455.8 
 1964-12-31 89.625 25.0417  21077.1 
 1965-12-31 89.625 25.0417  17835.3 
 1966-12-31 89.625 25.0417  18527.8 
 1967-12-31 89.625 25.0417  14704.2 
 1968-12-31 89.625 25.0417  18414.6 
 1969-12-31 89.625 25.0417  17405.9 
 1970-12-31 89.625 25.0417  20906.2 
 1971-12-31 89.625 25.0417  18021.7 
 1972-12-31 89.625 25.0417  16863.6 
 1973-12-31 89.625 25.0417  18925.5 
 1974-12-31 89.625 25.0417  26202.4 
 1975-12-31 89.625 25.0417  17922.4 
 1976-12-31 89.625 25.0417  15815.2 
 1977-12-31 89.625 25.0417  20821.8 
 1978-12-31 89.625 25.0417  16146.6 
 1979-12-31 89.625 25.0417  16959.7 
 1980-12-31 89.625 25.0417  18850.3 
 1981-12-31 89.625 25.0417  16476.4 
 1982-12-31 89.625 25.0417  16074.8 
 1983-12-31 89.625 25.0417  17678.8 
 1984-12-31 89.625 25.0417  21839.3 
 1985-12-31 89.625 25.0417  20688.4 
 1986-12-31 89.625 25.0417  16327.6 
 1987-12-31 89.625 25.0417  20834.8 
 1988-12-31 89.625 25.0417  22453.2 
 1989-12-31 89.625 25.0417  19647.1 
 1990-12-31 89.625 25.0417  21735.6 
 1991-12-31 89.625 25.0417  20983.5 
 1992-12-31 89.625 25.0417    14490 
 1993-12-31 89.625 25.0417  20856.9 
 1994-12-31 89.625 25.0417    16198 
 1995-12-31 89.625 25.0417  18997.8 
 1996-12-31 89.625 25.0417  18868.9 
 1997-12-31 89.625 25.0417  15929.2 
 1998-12-31 89.625 25.0417  22995.1 
 1999-12-31 89.625 25.0417  18816.1 
 2000-12-31 89.625 25.0417  19390.9 
 2001-12-31 89.625 25.0417  17308.1 
