88.25
88.75
88.25
88.75
89.25
89.75
88.25
88.75
89.25
89.75
88.25
88.75
89.25
89.75
90.25
90.75
91.25
91.75
92.25
92.75
88.25
88.75
89.25
89.75
90.25
90.75
91.25
91.75
92.25
92.75
88.25
88.75
89.25
89.75
90.25
90.75
91.25
91.75
92.25
92.75
88.75
89.25
89.75
90.25
90.75
91.25
91.75
92.25
92.75
88.75
89.25
89.75
90.25
90.75
91.25
91.75
92.25
92.75
88.75
89.25
89.75
90.25
90.75
91.25
91.75
92.25
92.75
88.75
89.25
89.75
90.25
90.75
91.25
91.75
92.25
92.75
88.75
89.25
89.75
90.25
90.75
91.25
91.75
92.25
92.75
91.75
92.25
92.75
92.25
