26.75
26.75
26.25
26.25
26.25
26.25
25.75
25.75
25.75
25.75
25.25
25.25
25.25
25.25
25.25
25.25
25.25
25.25
25.25
25.25
24.75
24.75
24.75
24.75
24.75
24.75
24.75
24.75
24.75
24.75
24.25
24.25
24.25
24.25
24.25
24.25
24.25
24.25
24.25
24.25
23.75
23.75
23.75
23.75
23.75
23.75
23.75
23.75
23.75
23.25
23.25
23.25
23.25
23.25
23.25
23.25
23.25
23.25
22.75
22.75
22.75
22.75
22.75
22.75
22.75
22.75
22.75
22.25
22.25
22.25
22.25
22.25
22.25
22.25
22.25
22.25
21.75
21.75
21.75
21.75
21.75
21.75
21.75
21.75
21.75
21.25
21.25
21.25
20.75
