     89.0417     26.2083    1
     89.7083     26.0417    2
      89.625      25.875    3
      89.875      25.875    4
     88.7083     25.7917    5
     89.4583     25.7917    6
     89.0417     25.7083    7
     89.7083      25.125    8
     88.7917     24.9583    9
     92.5417      24.875   10
      91.125     24.7083   11
     91.7083      24.625   12
     88.2083     24.4583   13
     91.2083      24.375   14
      89.625      24.125   15
     89.0417     24.0417   16
     90.9583     24.0417   17
     91.2083      23.875   18
     91.2917     23.4583   19
      91.375     22.7917   20
