       88.25       26.75    1
       88.75       26.75    2
       88.25       26.25    3
       88.75       26.25    4
       89.25       26.25    5
       89.75       26.25    6
       88.25       25.75    7
       88.75       25.75    8
       89.25       25.75    9
       89.75       25.75   10
       88.25       25.25   11
       88.75       25.25   12
       89.25       25.25   13
       89.75       25.25   14
       90.25       25.25   15
       90.75       25.25   16
       91.25       25.25   17
       91.75       25.25   18
       92.25       25.25   19
       92.75       25.25   20
       88.25       24.75   21
       88.75       24.75   22
       89.25       24.75   23
       89.75       24.75   24
       90.25       24.75   25
       90.75       24.75   26
       91.25       24.75   27
       91.75       24.75   28
       92.25       24.75   29
       92.75       24.75   30
       88.25       24.25   31
       88.75       24.25   32
       89.25       24.25   33
       89.75       24.25   34
       90.25       24.25   35
       90.75       24.25   36
       91.25       24.25   37
       91.75       24.25   38
       92.25       24.25   39
       92.75       24.25   40
       88.75       23.75   41
       89.25       23.75   42
       89.75       23.75   43
       90.25       23.75   44
       90.75       23.75   45
       91.25       23.75   46
       91.75       23.75   47
       92.25       23.75   48
       92.75       23.75   49
       88.75       23.25   50
       89.25       23.25   51
       89.75       23.25   52
       90.25       23.25   53
       90.75       23.25   54
       91.25       23.25   55
       91.75       23.25   56
       92.25       23.25   57
       92.75       23.25   58
       88.75       22.75   59
       89.25       22.75   60
       89.75       22.75   61
       90.25       22.75   62
       90.75       22.75   63
       91.25       22.75   64
       91.75       22.75   65
       92.25       22.75   66
       92.75       22.75   67
       88.75       22.25   68
       89.25       22.25   69
       89.75       22.25   70
       90.25       22.25   71
       90.75       22.25   72
       91.25       22.25   73
       91.75       22.25   74
       92.25       22.25   75
       92.75       22.25   76
       88.75       21.75   77
       89.25       21.75   78
       89.75       21.75   79
       90.25       21.75   80
       90.75       21.75   81
       91.25       21.75   82
       91.75       21.75   83
       92.25       21.75   84
       92.75       21.75   85
       91.75       21.25   86
       92.25       21.25   87
       92.75       21.25   88
       92.25       20.75   89
